Task_1_TFIDF: 0.231883632146
Task_2_TFIDF: 0.227946274959
Task_3a_TFIDF: 0.230674416304
Task_1_BM25: 0.470553281189
Task_2_BM25: 0.294307996144
Task_3a_BM25: 0.459029447728
Task_1_Lucene: 0.341920002675
