Task_1_TFIDF: 0.413422969453
Task_2_TFIDF: 0.390215022565
Task_3a_TFIDF: 0.411532213446
Task_1_BM25: 0.694029017857
Task_2_BM25: 0.50346135614
Task_3a_BM25: 0.697544642857
Task_1_Lucene: 0.57709036045
